0 0.212153 0.377778 0.079861 0.512963
0 0.668403 0.373611 0.088194 0.475000
1 0.700694 0.699074 0.101389 0.174074
2 0.634375 0.582870 0.031250 0.152778
3 0.554861 0.642593 0.130556 0.037037
4 0.451042 0.658333 0.077083 0.314815
2 0.262847 0.596759 0.031250 0.149074
3 0.347222 0.654167 0.129167 0.039815
1 0.188889 0.722685 0.115278 0.173148
5 0.493403 0.351389 0.042361 0.228704
5 0.399653 0.350463 0.045139 0.239815
6 0.310417 0.258796 0.041667 0.228704
2 0.598958 0.564352 0.025694 0.080556
2 0.293403 0.575926 0.025694 0.075926
