4 0.369444 0.723148 0.143056 0.477778
0 0.703819 0.328241 0.129861 0.650926
0 0.038194 0.341204 0.075000 0.680556
2 0.055208 0.628241 0.050694 0.236111
2 0.131944 0.588889 0.027778 0.109259
2 0.596875 0.591667 0.042361 0.142593
2 0.652431 0.602778 0.053472 0.220370
1 0.761458 0.783333 0.159028 0.251852
3 0.191667 0.712963 0.213889 0.053704
3 0.532986 0.694444 0.185417 0.059259
5 0.287500 0.243981 0.059722 0.365741
5 0.325000 0.289815 0.018056 0.270370
5 0.433333 0.243056 0.072222 0.363889
6 0.159375 0.134722 0.061806 0.267593
