4 0.403819 0.724074 0.125694 0.503704
0 0.742361 0.321759 0.137500 0.641667
0 0.045486 0.333333 0.089583 0.664815
2 0.067708 0.628241 0.054861 0.258333
2 0.147222 0.605093 0.038889 0.158333
2 0.629514 0.585648 0.042361 0.143519
2 0.693403 0.599074 0.057639 0.231481
1 0.807292 0.787500 0.170139 0.286111
3 0.219097 0.714352 0.238194 0.063889
3 0.567014 0.691667 0.196528 0.068519
6 0.176042 0.122222 0.050694 0.237037
5 0.306944 0.224537 0.061111 0.397222
5 0.347917 0.235185 0.016667 0.227778
5 0.468056 0.225926 0.066667 0.377778
5 0.428819 0.230556 0.011806 0.218519
