4 0.484375 0.598148 0.072917 0.312963
0 0.707639 0.323148 0.087500 0.500000
0 0.243750 0.318981 0.093056 0.499074
2 0.299653 0.527778 0.031250 0.151852
2 0.326042 0.524537 0.020139 0.084259
2 0.630903 0.519907 0.029861 0.086111
2 0.667361 0.522222 0.030556 0.140741
3 0.384722 0.592130 0.129167 0.039815
3 0.587847 0.587500 0.129861 0.036111
1 0.737847 0.651852 0.109028 0.157407
1 0.230208 0.657870 0.117361 0.180556
5 0.434375 0.289352 0.053472 0.237963
5 0.531250 0.293519 0.040278 0.238889
5 0.504167 0.313426 0.013889 0.195370
6 0.344792 0.191204 0.045139 0.241667
