0 0.378472 0.430556 0.083333 0.485185
0 0.856250 0.393056 0.109722 0.515741
4 0.625694 0.699074 0.087500 0.314815
2 0.434028 0.642130 0.031944 0.141667
2 0.462153 0.612963 0.025694 0.072222
2 0.777778 0.595833 0.025000 0.078704
2 0.811806 0.617593 0.034722 0.146296
1 0.897222 0.749537 0.129167 0.186111
1 0.367708 0.767593 0.100694 0.181481
3 0.515278 0.690741 0.131944 0.040741
3 0.734028 0.684722 0.123611 0.037963
5 0.564931 0.388889 0.050694 0.242593
5 0.661111 0.380093 0.048611 0.243519
6 0.473264 0.294907 0.040972 0.219444
