4 0.459722 0.721759 0.127778 0.552778
0 0.857292 0.324537 0.163194 0.639815
0 0.043056 0.348611 0.084722 0.678704
2 0.069097 0.627315 0.064583 0.312037
2 0.151042 0.598611 0.031250 0.178704
2 0.714236 0.580556 0.052083 0.170370
2 0.817014 0.595370 0.067361 0.283333
1 0.926389 0.825000 0.147222 0.342593
3 0.653125 0.703704 0.259028 0.081481
3 0.249653 0.726389 0.295139 0.071296
5 0.359722 0.193519 0.079167 0.381481
5 0.538889 0.187037 0.075000 0.368519
5 0.493403 0.187500 0.022917 0.282407
6 0.197569 0.097222 0.056250 0.192593
