0 0.225000 0.176852 0.080556 0.351852
0 0.704861 0.179167 0.094444 0.356481
2 0.282639 0.297222 0.040278 0.151852
2 0.662500 0.306481 0.031944 0.140741
2 0.623611 0.322222 0.030556 0.061111
4 0.474306 0.397685 0.084722 0.308333
3 0.580556 0.375463 0.129167 0.045370
3 0.368056 0.373611 0.127778 0.052778
1 0.208681 0.440741 0.115972 0.170370
1 0.731944 0.442593 0.111111 0.166667
5 0.425347 0.097685 0.043750 0.189815
5 0.524653 0.097685 0.042361 0.193519
5 0.497917 0.108796 0.012500 0.175000
6 0.334375 0.042593 0.028472 0.083333
