4 0.406597 0.716204 0.127083 0.567593
0 0.816319 0.323611 0.153472 0.641667
0 0.014236 0.226852 0.027083 0.451852
2 0.019444 0.624074 0.037500 0.327778
2 0.097917 0.596759 0.034722 0.186111
3 0.191667 0.726852 0.298611 0.061111
3 0.610069 0.712963 0.272917 0.051852
2 0.782292 0.585648 0.068750 0.300926
2 0.673611 0.575000 0.056944 0.174074
1 0.908681 0.819444 0.182639 0.340741
5 0.312500 0.180556 0.081944 0.359259
5 0.501042 0.182407 0.089583 0.362963
5 0.448958 0.186574 0.014583 0.328704
6 0.138889 0.097222 0.051389 0.192593
