4 0.453125 0.657407 0.078472 0.312963
0 0.210069 0.386111 0.081250 0.487037
0 0.670833 0.380093 0.091667 0.482407
2 0.632986 0.581944 0.031250 0.141667
2 0.599653 0.568519 0.027083 0.083333
2 0.290972 0.579167 0.025000 0.076852
2 0.262847 0.599074 0.029861 0.142593
3 0.348958 0.653241 0.139583 0.030556
3 0.555903 0.640741 0.124306 0.031481
1 0.704514 0.704630 0.107639 0.162963
1 0.191319 0.720833 0.111806 0.182407
6 0.309722 0.256481 0.037500 0.222222
5 0.397569 0.353241 0.047917 0.247222
5 0.495139 0.350463 0.045833 0.232407
