1 0.197917 0.437037 0.108333 0.174074
0 0.226736 0.170833 0.090972 0.339815
0 0.703125 0.181944 0.086806 0.356481
2 0.661806 0.300926 0.030556 0.138889
2 0.281250 0.297222 0.029167 0.151852
4 0.473264 0.395370 0.075694 0.307407
3 0.378125 0.368981 0.159028 0.037963
3 0.580903 0.374537 0.136806 0.030556
2 0.624653 0.319444 0.024306 0.059259
5 0.422917 0.092130 0.038889 0.182407
5 0.519444 0.094907 0.034722 0.187963
5 0.497222 0.109259 0.009722 0.162963
6 0.335764 0.046759 0.028472 0.091667
1 0.733681 0.437963 0.110417 0.148148
