0 0.209722 0.391667 0.077778 0.501852
0 0.669444 0.377778 0.087500 0.477778
2 0.631597 0.579630 0.031250 0.138889
2 0.599653 0.573148 0.027083 0.098148
2 0.263542 0.598148 0.031250 0.140741
2 0.291667 0.581019 0.022222 0.089815
4 0.453472 0.658796 0.081944 0.319444
3 0.553819 0.641667 0.121528 0.038889
3 0.346528 0.651852 0.133333 0.033333
1 0.703125 0.699074 0.113194 0.175926
1 0.194097 0.727778 0.121528 0.187037
6 0.308333 0.250463 0.044444 0.230556
5 0.396875 0.349074 0.043750 0.235185
5 0.494792 0.350926 0.045139 0.235185
5 0.470486 0.368981 0.010417 0.193519
