4 0.481944 0.589815 0.081944 0.316667
0 0.245833 0.313426 0.086111 0.502778
0 0.708681 0.325926 0.090972 0.488889
2 0.667708 0.520833 0.032639 0.152778
2 0.630903 0.509722 0.027083 0.084259
2 0.298611 0.526852 0.030556 0.148148
2 0.323611 0.518519 0.016667 0.081481
1 0.742708 0.653704 0.115972 0.157407
1 0.225347 0.656944 0.120139 0.167593
3 0.380556 0.587963 0.125000 0.037037
3 0.587500 0.587963 0.127778 0.033333
5 0.433333 0.283333 0.045833 0.246296
5 0.530556 0.288426 0.034722 0.241667
5 0.505208 0.307870 0.015972 0.202778
6 0.346875 0.184259 0.049306 0.220370
