4 0.398611 0.719907 0.140278 0.487963
3 0.563889 0.690741 0.200000 0.074074
2 0.623264 0.587037 0.053472 0.151852
2 0.686458 0.598611 0.057639 0.239815
0 0.728819 0.318981 0.138194 0.636111
1 0.809028 0.785648 0.188889 0.291667
0 0.042708 0.342593 0.084028 0.679630
2 0.065625 0.633333 0.056250 0.248148
2 0.140625 0.592593 0.024306 0.120370
3 0.208333 0.721759 0.236111 0.060185
5 0.305208 0.227315 0.057639 0.384259
5 0.340972 0.229167 0.009722 0.187963
5 0.460764 0.226852 0.065972 0.377778
5 0.422917 0.184722 0.011111 0.108333
6 0.172222 0.128241 0.066667 0.254630
