4 0.471528 0.718056 0.123611 0.563889
0 0.877778 0.325000 0.165278 0.648148
0 0.054861 0.335185 0.108333 0.668519
2 0.090625 0.619444 0.064583 0.303704
2 0.172222 0.594444 0.041667 0.179630
2 0.734722 0.579630 0.058333 0.177778
2 0.840625 0.590278 0.071528 0.287963
1 0.938889 0.828704 0.122222 0.342593
3 0.669444 0.702315 0.269444 0.069444
3 0.265972 0.720833 0.288889 0.069444
5 0.369792 0.186574 0.075694 0.367593
5 0.563889 0.184259 0.090278 0.362963
5 0.508333 0.169444 0.022222 0.257407
6 0.211111 0.087963 0.056944 0.174074
