0 0.250347 0.334722 0.082639 0.491667
0 0.702778 0.337500 0.091667 0.478704
1 0.730556 0.657407 0.104167 0.161111
1 0.233681 0.669444 0.110417 0.168519
2 0.301389 0.536111 0.034722 0.151852
2 0.325694 0.530556 0.023611 0.088889
2 0.628125 0.527778 0.031250 0.085185
2 0.663889 0.528241 0.030556 0.137963
4 0.481250 0.602778 0.073611 0.303704
3 0.585764 0.591204 0.131250 0.037963
3 0.384375 0.595833 0.125694 0.037963
5 0.433333 0.307870 0.052778 0.256481
5 0.529167 0.300000 0.045833 0.240741
5 0.504167 0.319907 0.013889 0.197222
6 0.346181 0.200926 0.038194 0.233333
