4 0.460764 0.719907 0.139583 0.558333
0 0.856944 0.329167 0.158333 0.656481
0 0.044097 0.344907 0.086806 0.687963
2 0.077431 0.622685 0.061806 0.300926
2 0.159375 0.598611 0.034028 0.180556
2 0.721528 0.581944 0.061111 0.175000
2 0.824653 0.594444 0.074306 0.283333
1 0.930208 0.825463 0.139583 0.325000
3 0.250000 0.724074 0.283333 0.066667
3 0.662847 0.713889 0.246528 0.055556
5 0.361111 0.188426 0.076389 0.371296
5 0.543750 0.189815 0.077778 0.372222
5 0.497917 0.174537 0.018056 0.263889
6 0.203472 0.100463 0.073611 0.199074
