0 0.244792 0.331019 0.081250 0.484259
0 0.703125 0.329630 0.084028 0.474074
2 0.664583 0.525926 0.031944 0.142593
2 0.629167 0.525463 0.033333 0.086111
2 0.298958 0.533333 0.032639 0.144444
2 0.324306 0.523148 0.018056 0.079630
4 0.482986 0.601852 0.082639 0.311111
3 0.378472 0.591204 0.127778 0.039815
3 0.586806 0.590741 0.123611 0.038889
1 0.734722 0.653241 0.106944 0.165741
1 0.231597 0.662963 0.111806 0.174074
5 0.434722 0.297685 0.048611 0.236111
5 0.529861 0.295833 0.043056 0.239815
6 0.347222 0.200463 0.038889 0.215741
5 0.504861 0.321296 0.009722 0.187037
