0 0.208681 0.386111 0.085417 0.511111
0 0.669792 0.376389 0.088194 0.476852
2 0.265278 0.600463 0.029167 0.152778
2 0.291667 0.585648 0.025000 0.095370
2 0.631944 0.579630 0.033333 0.144444
2 0.600000 0.568519 0.029167 0.098148
4 0.454167 0.655093 0.075000 0.319444
3 0.552778 0.641667 0.123611 0.040741
3 0.346875 0.650463 0.139583 0.037963
1 0.196528 0.731944 0.122222 0.180556
1 0.705556 0.704630 0.111111 0.168519
6 0.312153 0.256944 0.052083 0.226852
5 0.398958 0.350926 0.042361 0.259259
5 0.496875 0.348148 0.046528 0.237037
5 0.471875 0.370833 0.013194 0.195370
