0 0.226389 0.179630 0.088889 0.357407
0 0.705556 0.175000 0.095833 0.348148
2 0.281597 0.298611 0.031250 0.145370
2 0.661111 0.303704 0.031944 0.144444
2 0.625694 0.321759 0.027778 0.058333
4 0.472569 0.389352 0.077083 0.302778
1 0.205208 0.437500 0.106250 0.178704
1 0.734375 0.433796 0.113194 0.165741
3 0.578472 0.368981 0.131944 0.041667
3 0.367014 0.372685 0.136806 0.050926
5 0.424653 0.094444 0.043750 0.183333
5 0.522569 0.096759 0.038194 0.187963
5 0.498264 0.110648 0.013194 0.171296
6 0.334028 0.039352 0.025000 0.073148
