4 0.454514 0.720370 0.132639 0.559259
3 0.651042 0.702315 0.250694 0.073148
2 0.710069 0.579630 0.059028 0.172222
2 0.808333 0.595833 0.069444 0.289815
0 0.849653 0.325926 0.168750 0.644444
0 0.044097 0.347685 0.085417 0.689815
2 0.068750 0.622685 0.058333 0.308333
2 0.152083 0.593056 0.025000 0.178704
3 0.244444 0.726852 0.287500 0.059259
1 0.922222 0.817130 0.155556 0.336111
5 0.531250 0.187037 0.075000 0.368519
5 0.483681 0.180556 0.020139 0.272222
5 0.353125 0.193056 0.077083 0.384259
6 0.192708 0.085648 0.046528 0.169444
