0 0.243403 0.329630 0.079861 0.494444
0 0.703472 0.335185 0.097222 0.487037
2 0.662153 0.527315 0.032639 0.139815
2 0.628819 0.522685 0.029861 0.080556
2 0.300347 0.532407 0.031250 0.140741
2 0.328819 0.527778 0.022917 0.081481
4 0.480556 0.599074 0.083333 0.298148
3 0.378819 0.593519 0.120139 0.033333
3 0.584028 0.592130 0.122222 0.039815
1 0.735069 0.657870 0.107639 0.152778
1 0.228819 0.668519 0.110417 0.183333
5 0.433681 0.298611 0.042361 0.239815
5 0.530556 0.298611 0.041667 0.237963
5 0.504861 0.319907 0.012500 0.186111
6 0.346528 0.203241 0.038889 0.232407
