4 0.473264 0.721296 0.138194 0.557407
0 0.872917 0.325926 0.173611 0.644444
0 0.049306 0.341667 0.097222 0.681481
2 0.084722 0.621759 0.061111 0.310185
2 0.167708 0.600000 0.040972 0.190741
2 0.726736 0.581944 0.060417 0.163889
2 0.837153 0.591204 0.077083 0.286111
1 0.937847 0.826389 0.124306 0.343519
3 0.259375 0.722685 0.282639 0.054630
3 0.671181 0.710185 0.253472 0.066667
5 0.369097 0.189352 0.077083 0.373148
5 0.558333 0.187037 0.084722 0.372222
5 0.505556 0.178241 0.025000 0.291667
6 0.206944 0.094907 0.059722 0.187963
