4 0.482639 0.599074 0.083333 0.312963
0 0.707292 0.328704 0.092361 0.496296
0 0.243403 0.325000 0.092361 0.494444
2 0.298611 0.527778 0.036111 0.146296
2 0.325347 0.525926 0.021528 0.087037
2 0.630556 0.520833 0.025000 0.082407
2 0.667014 0.529630 0.032639 0.146296
3 0.381597 0.592593 0.122917 0.035185
3 0.588194 0.587963 0.127778 0.040741
1 0.228819 0.663889 0.110417 0.175926
1 0.739236 0.653704 0.114583 0.155556
5 0.531250 0.294907 0.040278 0.228704
5 0.507292 0.317130 0.010417 0.186111
5 0.434375 0.285648 0.046528 0.250926
6 0.347917 0.199537 0.052778 0.230556
