4 0.378472 0.718981 0.126389 0.482407
3 0.540625 0.693519 0.192361 0.051852
2 0.663889 0.603704 0.054167 0.235185
2 0.607639 0.586574 0.041667 0.149074
0 0.713542 0.320833 0.136806 0.634259
0 0.036806 0.337500 0.072222 0.673148
2 0.063194 0.632870 0.051389 0.243519
2 0.136111 0.609259 0.019444 0.150000
3 0.201042 0.713889 0.222917 0.042593
1 0.770833 0.782870 0.159722 0.282407
5 0.445139 0.245833 0.076389 0.363889
5 0.294097 0.240278 0.060417 0.371296
5 0.332639 0.282407 0.016667 0.274074
6 0.167361 0.132870 0.075000 0.263889
