8 0.243403 0.328241 0.099306 0.612037
0 0.793750 0.336574 0.111111 0.604630
2 0.743056 0.593981 0.041667 0.173148
2 0.697569 0.572685 0.042361 0.121296
2 0.300347 0.593981 0.035417 0.187963
2 0.331250 0.571759 0.037500 0.123148
4 0.521181 0.666204 0.097917 0.393519
1 0.829514 0.742130 0.121528 0.199074
1 0.221528 0.746759 0.123611 0.225000
3 0.395139 0.660648 0.155556 0.050926
3 0.646181 0.661574 0.149306 0.049074
5 0.463194 0.297222 0.062500 0.298148
5 0.583681 0.295833 0.049306 0.308333
5 0.555208 0.323148 0.011806 0.250000
6 0.360764 0.166667 0.039583 0.264815
