4 0.516667 0.640278 0.097222 0.367593
8 0.221181 0.315741 0.102083 0.579630
8 0.768750 0.302778 0.105556 0.577778
2 0.289236 0.578241 0.040972 0.173148
2 0.323264 0.560185 0.028472 0.112963
2 0.686458 0.535648 0.035417 0.115741
2 0.734375 0.551852 0.039583 0.172222
1 0.816667 0.694444 0.125000 0.203704
1 0.207639 0.727778 0.118056 0.237037
3 0.388542 0.637500 0.159028 0.039815
3 0.638889 0.623611 0.147222 0.047222
5 0.444792 0.275000 0.057639 0.288889
5 0.557639 0.276852 0.050000 0.283333
5 0.528819 0.236111 0.009028 0.124074
6 0.340625 0.169907 0.050694 0.276852
