4 0.532292 0.673611 0.088194 0.341667
2 0.728472 0.595833 0.036111 0.160185
2 0.684722 0.574537 0.038889 0.117593
2 0.328819 0.623611 0.038194 0.158333
4 0.360069 0.595833 0.022917 0.102778
8 0.762500 0.362037 0.100000 0.533333
8 0.263542 0.386574 0.093750 0.528704
5 0.466667 0.346759 0.051389 0.278704
5 0.572917 0.339352 0.055556 0.269444
5 0.542708 0.325000 0.007639 0.150000
6 0.365972 0.244907 0.048611 0.245370
3 0.419792 0.673611 0.138194 0.043519
3 0.643750 0.658796 0.131944 0.043519
1 0.811458 0.729167 0.124306 0.187963
1 0.252431 0.758796 0.111806 0.210185
