8 0.192708 0.332407 0.134028 0.653704
0 0.907292 0.318519 0.140972 0.635185
2 0.893403 0.603704 0.057639 0.237037
2 0.767361 0.568981 0.044444 0.132407
1 0.964931 0.796759 0.070139 0.287963
4 0.572569 0.696759 0.115972 0.493519
1 0.154861 0.820370 0.186111 0.318519
3 0.417361 0.709722 0.198611 0.073148
3 0.748958 0.702778 0.232639 0.059259
2 0.287500 0.611111 0.055556 0.277778
6 0.357986 0.108796 0.057639 0.215741
5 0.512847 0.202778 0.056250 0.381481
5 0.471528 0.242130 0.027778 0.315741
5 0.613889 0.231481 0.040278 0.337037
5 0.665278 0.220370 0.062500 0.392593
