4 0.501302 0.729630 0.080729 0.383333
8 0.729167 0.368981 0.084375 0.634259
8 0.269010 0.373148 0.079687 0.666667
2 0.319531 0.687037 0.033854 0.201852
2 0.346875 0.601852 0.022917 0.137037
2 0.640625 0.600000 0.030208 0.125926
2 0.685937 0.677315 0.030208 0.195370
1 0.746354 0.800000 0.088542 0.216667
1 0.264062 0.826852 0.071875 0.172222
3 0.398438 0.753241 0.123958 0.060185
3 0.607031 0.749537 0.129688 0.058333
7 0.399479 0.712963 0.122917 0.040741
7 0.606510 0.704167 0.128646 0.032407
6 0.364583 0.194444 0.043750 0.303704
5 0.455469 0.337500 0.043229 0.354630
5 0.530469 0.356481 0.009896 0.312963
5 0.557292 0.338426 0.040625 0.358333
