8 0.341667 0.440741 0.061458 0.518519
8 0.693490 0.442130 0.059896 0.499074
4 0.522656 0.739352 0.066146 0.328704
2 0.634635 0.637500 0.022396 0.110185
2 0.660417 0.667593 0.025000 0.146296
2 0.381771 0.679630 0.022917 0.146296
2 0.405729 0.645833 0.018750 0.110185
1 0.333333 0.795370 0.079167 0.181481
1 0.717448 0.785185 0.088021 0.177778
3 0.441146 0.729167 0.097917 0.050926
3 0.601042 0.724074 0.090625 0.048148
5 0.482812 0.422222 0.031250 0.257407
5 0.556510 0.420370 0.033854 0.251852
6 0.416667 0.322222 0.043750 0.237037
