8 0.266319 0.389352 0.096528 0.534259
8 0.768056 0.356481 0.104167 0.525926
2 0.328819 0.623611 0.036806 0.158333
2 0.360069 0.592130 0.022917 0.093519
3 0.422222 0.676389 0.137500 0.041667
4 0.531597 0.674074 0.086806 0.329630
3 0.647569 0.654167 0.134028 0.045370
2 0.730208 0.593519 0.034028 0.159259
2 0.687500 0.579167 0.033333 0.104630
1 0.810764 0.724074 0.120139 0.192593
1 0.252778 0.765278 0.104167 0.204630
6 0.368750 0.245833 0.048611 0.239815
5 0.468056 0.348148 0.058333 0.270370
5 0.571875 0.340741 0.052083 0.272222
5 0.543056 0.319907 0.009722 0.139815
