8 0.399219 0.357407 0.072396 0.561111
8 0.790104 0.359259 0.079167 0.588889
4 0.591146 0.681481 0.073958 0.324074
2 0.748437 0.642593 0.022917 0.177778
2 0.715365 0.574537 0.025521 0.137963
1 0.445052 0.637963 0.026562 0.174074
1 0.389844 0.743981 0.081771 0.212037
2 0.461458 0.535648 0.020833 0.050926
3 0.505729 0.691667 0.098958 0.050000
3 0.679948 0.692593 0.103646 0.051852
7 0.507552 0.654630 0.099479 0.038889
7 0.682813 0.659259 0.103125 0.031481
1 0.796615 0.764352 0.070312 0.200926
5 0.557292 0.356481 0.034375 0.281481
5 0.640365 0.347685 0.033854 0.302778
5 0.616406 0.350463 0.009896 0.258333
6 0.481510 0.225926 0.035937 0.279630
