8 0.401302 0.361111 0.072396 0.570370
8 0.791146 0.374537 0.080208 0.591667
4 0.592708 0.681481 0.069792 0.324074
2 0.715365 0.568519 0.024479 0.118519
2 0.745573 0.646296 0.027604 0.175926
1 0.796615 0.768981 0.070312 0.180556
2 0.448177 0.637037 0.024479 0.157407
4 0.467969 0.563889 0.018229 0.100000
1 0.391667 0.746296 0.087500 0.203704
3 0.510156 0.694907 0.099479 0.039815
7 0.510677 0.658333 0.100521 0.037037
3 0.680208 0.701852 0.104167 0.053704
7 0.680990 0.662500 0.105729 0.032407
5 0.555469 0.362500 0.040104 0.300926
5 0.647656 0.363426 0.042188 0.280556
5 0.621875 0.365278 0.011458 0.256481
6 0.483073 0.234722 0.036979 0.291667
