8 0.400260 0.359722 0.072396 0.567593
8 0.792969 0.379630 0.077604 0.598148
4 0.592969 0.685648 0.070312 0.319444
2 0.448177 0.642593 0.028646 0.161111
2 0.715625 0.572685 0.029167 0.123148
2 0.750260 0.652315 0.026562 0.163889
1 0.797396 0.772222 0.065625 0.185185
1 0.392969 0.742130 0.085938 0.182407
3 0.511719 0.697222 0.093229 0.053704
3 0.682552 0.705556 0.107813 0.057407
7 0.682031 0.665278 0.108854 0.036111
7 0.507292 0.660185 0.101042 0.033333
5 0.559896 0.361111 0.040625 0.274074
5 0.644531 0.361574 0.038021 0.289815
5 0.619010 0.365741 0.009896 0.242593
6 0.483333 0.235185 0.030208 0.270370
