4 0.534028 0.670833 0.090278 0.341667
8 0.264236 0.376852 0.096528 0.540741
8 0.761458 0.357407 0.110417 0.537037
5 0.466319 0.344907 0.057639 0.271296
5 0.571181 0.335648 0.053472 0.276852
5 0.538889 0.312963 0.013889 0.124074
6 0.367361 0.237500 0.048611 0.243519
2 0.328819 0.622222 0.035417 0.162963
2 0.357639 0.600926 0.027778 0.112963
2 0.682986 0.577315 0.035417 0.112037
2 0.727778 0.594907 0.038889 0.150926
1 0.814236 0.721759 0.128472 0.189815
1 0.254861 0.758333 0.115278 0.209259
3 0.417361 0.675463 0.143056 0.052778
3 0.644097 0.656481 0.128472 0.055556
