4 0.529514 0.671759 0.082639 0.321296
8 0.261111 0.387037 0.100000 0.540741
8 0.762500 0.357870 0.100000 0.528704
2 0.328472 0.623148 0.036111 0.161111
2 0.360069 0.599074 0.021528 0.107407
2 0.686458 0.579167 0.035417 0.108333
2 0.726736 0.592130 0.035417 0.160185
3 0.641319 0.656481 0.132639 0.044444
3 0.421528 0.675463 0.136111 0.043519
1 0.255903 0.757870 0.110417 0.191667
1 0.809722 0.723148 0.125000 0.194444
5 0.467708 0.343981 0.049306 0.276852
5 0.572917 0.335648 0.052778 0.271296
5 0.539583 0.330093 0.012500 0.162037
6 0.368750 0.243056 0.056944 0.260185
