8 0.302604 0.325463 0.071875 0.547222
8 0.721615 0.322222 0.079687 0.542593
2 0.682292 0.561111 0.028125 0.181481
2 0.650000 0.547222 0.025000 0.116667
2 0.341667 0.572222 0.026042 0.174074
2 0.373437 0.550926 0.021875 0.118519
4 0.516927 0.644907 0.072396 0.384259
1 0.748177 0.709722 0.099479 0.212037
1 0.283333 0.717130 0.094792 0.228704
3 0.418229 0.635185 0.119792 0.050000
3 0.610677 0.631019 0.116146 0.050926
5 0.467969 0.267593 0.049479 0.292593
5 0.557813 0.271759 0.039583 0.289815
5 0.533594 0.227315 0.008854 0.108333
6 0.390104 0.176389 0.045833 0.250926
