4 0.514931 0.637500 0.095139 0.352778
8 0.767361 0.292130 0.108333 0.576852
8 0.216319 0.313889 0.110417 0.601852
2 0.289236 0.582407 0.038194 0.181481
2 0.323264 0.560648 0.034028 0.106481
2 0.685069 0.537500 0.035417 0.121296
2 0.730208 0.550926 0.040972 0.174074
1 0.816319 0.695833 0.127083 0.213889
1 0.207639 0.732407 0.138889 0.212963
3 0.386458 0.642593 0.161806 0.059259
3 0.636806 0.621759 0.150000 0.058333
5 0.444792 0.280556 0.057639 0.287037
5 0.561111 0.272222 0.052778 0.292593
5 0.526389 0.232870 0.013889 0.115741
6 0.339236 0.165741 0.056250 0.259259
