8 0.287760 0.325926 0.070312 0.548148
8 0.708594 0.322222 0.079687 0.544444
2 0.669531 0.553241 0.029687 0.180556
2 0.641146 0.542593 0.022917 0.114815
2 0.327083 0.562500 0.031250 0.186111
2 0.357031 0.542593 0.022396 0.096296
1 0.265365 0.715741 0.093229 0.218519
1 0.736198 0.711574 0.097396 0.200926
4 0.504167 0.640278 0.077083 0.378704
3 0.597396 0.628241 0.110417 0.045370
3 0.404427 0.627778 0.120313 0.048148
5 0.454948 0.265278 0.043229 0.291667
5 0.543750 0.260648 0.040625 0.291667
6 0.375781 0.163889 0.039062 0.224074
