4 0.442361 0.646759 0.088889 0.439815
8 0.163542 0.294907 0.096528 0.584259
0 0.762153 0.300463 0.110417 0.589815
2 0.183333 0.550463 0.040278 0.191667
2 0.672917 0.547222 0.045833 0.203704
1 0.788889 0.731019 0.152778 0.232407
1 0.100000 0.711574 0.120833 0.226852
3 0.300694 0.621759 0.186111 0.047222
3 0.568750 0.632870 0.148611 0.049074
5 0.377778 0.230093 0.050000 0.330556
5 0.416319 0.259722 0.028472 0.267593
5 0.497569 0.224537 0.054861 0.337963
5 0.535764 0.263426 0.020139 0.256481
6 0.280903 0.131019 0.054861 0.260185
