4 0.526302 0.723611 0.054688 0.315741
8 0.345573 0.445833 0.061979 0.504630
8 0.697656 0.439815 0.066146 0.505556
2 0.385677 0.670370 0.028646 0.155556
2 0.409375 0.641204 0.015625 0.089815
1 0.328906 0.794907 0.077604 0.169444
3 0.448698 0.723148 0.101562 0.048148
3 0.603906 0.718519 0.099479 0.037037
2 0.666927 0.660648 0.022396 0.136111
2 0.640104 0.639352 0.020833 0.106481
1 0.723437 0.783796 0.068750 0.167593
5 0.561458 0.421759 0.030208 0.230556
5 0.540104 0.429630 0.010417 0.203704
5 0.486458 0.412500 0.031250 0.252778
6 0.422396 0.317130 0.031250 0.234259
