8 0.225000 0.314815 0.105556 0.587037
8 0.769444 0.289815 0.105556 0.566667
4 0.515625 0.631481 0.093750 0.370370
2 0.688542 0.531019 0.036806 0.113889
2 0.734722 0.548611 0.038889 0.169444
2 0.292014 0.568056 0.040972 0.171296
2 0.326389 0.553704 0.023611 0.116667
3 0.389931 0.630556 0.160417 0.042593
3 0.639236 0.615741 0.152083 0.048148
1 0.827778 0.683333 0.143056 0.214815
1 0.209722 0.718056 0.122222 0.210185
5 0.447222 0.272685 0.054167 0.287963
5 0.562500 0.267130 0.051389 0.297222
5 0.528819 0.255093 0.020139 0.176852
6 0.341319 0.162037 0.050694 0.262963
