8 0.692969 0.360185 0.078646 0.631481
8 0.247135 0.364352 0.035937 0.643519
4 0.462500 0.713426 0.077083 0.387963
2 0.605469 0.587037 0.030729 0.138889
2 0.639844 0.662500 0.036979 0.210185
1 0.702344 0.796759 0.088021 0.221296
2 0.272656 0.662037 0.032813 0.201852
2 0.305208 0.584259 0.026042 0.125926
3 0.355729 0.737963 0.133333 0.061111
3 0.561458 0.733333 0.119792 0.059259
7 0.561458 0.688426 0.119792 0.032407
7 0.356510 0.694444 0.134896 0.037037
6 0.323177 0.186574 0.038021 0.286111
5 0.413802 0.318056 0.045312 0.350926
5 0.513021 0.324537 0.038542 0.347222
5 0.489583 0.327778 0.008333 0.287037
