8 0.145486 0.294907 0.111806 0.587963
2 0.166319 0.548148 0.049306 0.194444
1 0.084722 0.712500 0.105556 0.241667
4 0.430208 0.638426 0.097917 0.436111
0 0.755208 0.294907 0.118750 0.584259
2 0.667708 0.547222 0.050694 0.212963
1 0.774306 0.729630 0.150000 0.255556
3 0.562500 0.632870 0.163889 0.060185
3 0.287500 0.626389 0.186111 0.065741
5 0.363194 0.223611 0.054167 0.323148
5 0.404514 0.254630 0.027083 0.262963
5 0.488194 0.215278 0.056944 0.337963
5 0.524653 0.256481 0.014583 0.259259
6 0.269444 0.133333 0.054167 0.264815
