8 0.305556 0.382870 0.100000 0.571296
8 0.842361 0.352778 0.105556 0.566667
2 0.813194 0.609722 0.041667 0.167593
2 0.755208 0.591667 0.042361 0.122222
2 0.380208 0.639815 0.040972 0.172222
4 0.590972 0.696296 0.093056 0.353704
3 0.472569 0.696759 0.143750 0.058333
3 0.715972 0.671759 0.155556 0.052778
1 0.294097 0.778704 0.121528 0.227778
1 0.896528 0.747222 0.125000 0.216667
5 0.526736 0.340278 0.057639 0.286111
5 0.643403 0.333333 0.061806 0.283333
5 0.605903 0.348611 0.014583 0.260185
6 0.417361 0.229167 0.051389 0.262037
