8 0.707552 0.363426 0.082812 0.637963
8 0.260677 0.365741 0.065104 0.644444
4 0.479687 0.721759 0.083333 0.375000
2 0.620833 0.593519 0.029167 0.148148
2 0.663021 0.675463 0.030208 0.202778
1 0.725260 0.800463 0.090104 0.223148
2 0.297656 0.685648 0.032813 0.199074
2 0.324740 0.592593 0.022396 0.100000
1 0.253906 0.813889 0.052604 0.207407
3 0.376563 0.752778 0.127083 0.057407
3 0.583854 0.746296 0.128125 0.061111
7 0.584896 0.699074 0.126042 0.033333
7 0.375781 0.709722 0.124479 0.037963
5 0.435417 0.333333 0.041667 0.340741
5 0.534896 0.335185 0.041667 0.342593
5 0.508854 0.321759 0.011458 0.249074
6 0.343750 0.198148 0.043750 0.316667
