8 0.196875 0.297222 0.121528 0.592593
0 0.842708 0.305556 0.118750 0.605556
4 0.535764 0.652315 0.096528 0.452778
2 0.724306 0.541667 0.043056 0.125926
2 0.813194 0.559722 0.044444 0.206481
1 0.901389 0.732870 0.113889 0.226852
1 0.159028 0.737037 0.172222 0.272222
3 0.394097 0.640278 0.177083 0.058333
3 0.685417 0.634722 0.200000 0.056481
4 0.480903 0.204630 0.052083 0.342593
5 0.615278 0.216667 0.056944 0.338889
5 0.576042 0.234259 0.024306 0.296296
5 0.446528 0.238889 0.016667 0.279630
6 0.347569 0.118981 0.046528 0.232407
