4 0.591927 0.586111 0.072396 0.362963
8 0.385677 0.297685 0.069271 0.491667
8 0.799740 0.307407 0.060937 0.512963
2 0.436719 0.539352 0.030729 0.189815
2 0.453906 0.455093 0.026562 0.080556
2 0.722656 0.479630 0.029687 0.131481
2 0.762240 0.540741 0.027604 0.187037
1 0.803646 0.671296 0.053125 0.200000
1 0.374219 0.650926 0.090104 0.207407
3 0.504948 0.599074 0.105729 0.048148
3 0.689063 0.604167 0.117708 0.052778
7 0.503125 0.562500 0.108333 0.030556
7 0.688542 0.567130 0.120833 0.030556
5 0.555208 0.231481 0.036458 0.305556
5 0.648958 0.231481 0.036458 0.314815
5 0.624740 0.236574 0.011979 0.287963
6 0.475260 0.147685 0.032813 0.195370
