8 0.208681 0.323148 0.127083 0.644444
0 0.900347 0.321296 0.142361 0.640741
4 0.582986 0.694444 0.131250 0.490741
2 0.765972 0.573148 0.050000 0.146296
2 0.887153 0.598611 0.056250 0.221296
2 0.301389 0.602778 0.052778 0.248148
3 0.424653 0.689815 0.184028 0.057407
3 0.753472 0.690278 0.202778 0.058333
1 0.960764 0.800000 0.078472 0.270370
1 0.174653 0.818056 0.178472 0.313889
3 0.425000 0.696759 0.173611 0.067593
6 0.371875 0.111574 0.056250 0.221296
5 0.515278 0.209259 0.061111 0.388889
5 0.474653 0.247222 0.021528 0.307407
5 0.616667 0.250000 0.041667 0.331481
5 0.666667 0.220370 0.058333 0.375926
