4 0.544444 0.640741 0.113889 0.451852
8 0.206944 0.300926 0.101389 0.594444
0 0.849306 0.302315 0.109722 0.597222
2 0.819792 0.557870 0.045139 0.199074
2 0.729861 0.538426 0.047222 0.123148
2 0.288542 0.548611 0.050694 0.223148
1 0.912153 0.734722 0.131250 0.243519
1 0.178125 0.746296 0.163194 0.274074
3 0.402431 0.637963 0.167361 0.062963
3 0.701042 0.637963 0.189583 0.055556
5 0.489236 0.202315 0.054861 0.341667
5 0.623264 0.212037 0.063194 0.346296
5 0.579514 0.235185 0.028472 0.298148
5 0.453819 0.235185 0.017361 0.272222
6 0.356944 0.116667 0.047222 0.231481
