8 0.302344 0.329630 0.077604 0.555556
8 0.724740 0.326389 0.088021 0.550926
2 0.347656 0.573611 0.030729 0.189815
2 0.375781 0.556944 0.021354 0.106481
2 0.651563 0.548611 0.029167 0.119444
2 0.690625 0.561574 0.029167 0.176852
1 0.753125 0.714352 0.090625 0.206481
1 0.284896 0.722685 0.091667 0.200926
4 0.519531 0.646296 0.069271 0.379630
3 0.615885 0.636574 0.120313 0.043519
3 0.423177 0.637037 0.123438 0.042593
5 0.472396 0.267593 0.045833 0.301852
5 0.561198 0.257870 0.038021 0.310185
5 0.538021 0.258796 0.009375 0.147222
6 0.394792 0.175000 0.036458 0.250000
