8 0.277344 0.371759 0.081771 0.656481
8 0.748958 0.371296 0.087500 0.653704
4 0.517188 0.725000 0.078125 0.370370
2 0.657552 0.601852 0.031771 0.133333
2 0.709115 0.685648 0.029687 0.199074
1 0.759115 0.804630 0.068229 0.207407
2 0.332813 0.693056 0.033333 0.212037
2 0.360938 0.606944 0.021875 0.112037
1 0.270573 0.829630 0.084896 0.166667
3 0.413802 0.764352 0.128646 0.071296
3 0.627865 0.758333 0.136979 0.061111
7 0.623698 0.710185 0.134896 0.037037
7 0.415104 0.718519 0.132292 0.040741
5 0.475521 0.336574 0.042708 0.358333
5 0.576042 0.337500 0.040625 0.347222
5 0.555208 0.333333 0.027083 0.316667
6 0.382552 0.200926 0.044271 0.314815
