4 0.591927 0.582407 0.071354 0.355556
8 0.798698 0.304167 0.065104 0.508333
8 0.384896 0.296759 0.075000 0.497222
2 0.434896 0.537037 0.029167 0.181481
2 0.452344 0.461574 0.021354 0.113889
2 0.724740 0.475000 0.025521 0.124074
2 0.761719 0.541204 0.022396 0.182407
1 0.803646 0.672685 0.058333 0.200926
1 0.373177 0.657407 0.093229 0.220370
3 0.503646 0.600926 0.107292 0.053704
3 0.688281 0.600463 0.120313 0.045370
7 0.503646 0.563426 0.112500 0.032407
7 0.688802 0.566667 0.120313 0.024074
5 0.555208 0.230093 0.044792 0.295370
5 0.647656 0.235648 0.033854 0.310185
5 0.625000 0.241667 0.011458 0.270370
6 0.475260 0.149074 0.042188 0.198148
