8 0.152778 0.297685 0.109722 0.587963
0 0.758681 0.299074 0.122917 0.596296
2 0.671181 0.549537 0.052083 0.206481
2 0.177083 0.549074 0.040278 0.185185
4 0.436111 0.642130 0.093056 0.425000
1 0.777778 0.728241 0.150000 0.260185
1 0.091667 0.712500 0.118056 0.237963
3 0.294792 0.628704 0.186806 0.050000
3 0.564583 0.631944 0.155556 0.050926
6 0.273958 0.126389 0.057639 0.250926
5 0.366667 0.222222 0.058333 0.322222
5 0.409375 0.253704 0.024306 0.259259
5 0.495139 0.217130 0.054167 0.328704
5 0.528819 0.251852 0.011806 0.259259
