8 0.270573 0.370833 0.084896 0.663889
8 0.735938 0.364352 0.084375 0.643519
4 0.504948 0.721296 0.075521 0.381481
2 0.646094 0.599537 0.027604 0.136111
2 0.692969 0.681944 0.028646 0.199074
1 0.751302 0.802315 0.084896 0.215741
2 0.324479 0.685185 0.031250 0.203704
2 0.351823 0.606481 0.023438 0.122222
1 0.268490 0.810648 0.080729 0.206481
3 0.403906 0.750000 0.126562 0.053704
3 0.612240 0.748148 0.134896 0.057407
7 0.610938 0.705556 0.133333 0.035185
7 0.405208 0.712963 0.126042 0.035185
6 0.370052 0.197222 0.040104 0.305556
5 0.460938 0.340278 0.045833 0.365741
5 0.563281 0.332407 0.042188 0.353704
5 0.536458 0.354167 0.015625 0.313889
