8 0.298438 0.325926 0.069792 0.551852
8 0.716406 0.322685 0.080729 0.543519
4 0.510417 0.642593 0.070833 0.377778
2 0.646354 0.545370 0.030208 0.125926
2 0.679167 0.560185 0.026042 0.179630
2 0.336458 0.568519 0.022917 0.179630
2 0.367969 0.551852 0.027604 0.116667
1 0.278385 0.713426 0.097396 0.213889
1 0.747917 0.711574 0.108333 0.217593
3 0.412240 0.637037 0.124479 0.044444
3 0.606510 0.635185 0.115104 0.046296
5 0.461458 0.269444 0.043750 0.307407
5 0.553906 0.268981 0.043229 0.289815
5 0.530729 0.213426 0.005208 0.087963
6 0.384896 0.172222 0.043750 0.248148
