8 0.278646 0.369444 0.084375 0.651852
8 0.747917 0.366667 0.081250 0.640741
2 0.656510 0.603704 0.036979 0.144444
2 0.705729 0.682407 0.025000 0.192593
1 0.758594 0.804167 0.074479 0.210185
2 0.336719 0.689352 0.033854 0.202778
2 0.359375 0.607407 0.020833 0.120370
1 0.273958 0.818056 0.089583 0.191667
4 0.519531 0.729167 0.075521 0.373148
3 0.624740 0.747685 0.133854 0.062037
3 0.417187 0.759259 0.129167 0.062963
7 0.417448 0.715278 0.126562 0.049074
7 0.624740 0.705556 0.132812 0.035185
6 0.380729 0.200463 0.038542 0.313889
5 0.474479 0.336111 0.045833 0.350000
5 0.573698 0.340278 0.042188 0.354630
5 0.546094 0.349537 0.014063 0.295370
