8 0.344531 0.443981 0.056771 0.502778
8 0.694531 0.434722 0.061979 0.508333
4 0.524740 0.727315 0.061979 0.315741
2 0.636458 0.634722 0.027083 0.102778
2 0.663802 0.661574 0.025521 0.147222
1 0.716406 0.787037 0.080729 0.181481
2 0.384375 0.668056 0.025000 0.156481
2 0.405990 0.645370 0.013021 0.107407
1 0.329167 0.787037 0.068750 0.164815
3 0.446094 0.725463 0.093229 0.041667
3 0.603906 0.724537 0.097396 0.043519
6 0.419010 0.314815 0.029687 0.235185
5 0.484375 0.412500 0.038542 0.269444
5 0.560937 0.411574 0.042708 0.275000
