4 0.542708 0.643519 0.106250 0.457407
8 0.206944 0.302778 0.112500 0.596296
0 0.845139 0.304630 0.120833 0.598148
2 0.819444 0.555093 0.045833 0.204630
2 0.731597 0.540278 0.039583 0.136111
1 0.910764 0.730556 0.124306 0.235185
3 0.694444 0.629630 0.186111 0.055556
2 0.289583 0.556944 0.050000 0.223148
1 0.170486 0.747222 0.172917 0.281481
3 0.401389 0.640278 0.173611 0.054630
5 0.482986 0.210185 0.056250 0.338889
5 0.619444 0.209722 0.059722 0.337963
5 0.577431 0.232407 0.024306 0.292593
5 0.449306 0.220370 0.011111 0.244444
6 0.351736 0.111574 0.046528 0.221296
