8 0.208333 0.303241 0.115278 0.604630
0 0.847917 0.302778 0.116667 0.594444
2 0.819444 0.560185 0.051389 0.203704
2 0.732986 0.539352 0.040972 0.134259
2 0.287153 0.550000 0.046528 0.220370
4 0.543403 0.643519 0.104861 0.435185
1 0.910764 0.730556 0.127083 0.237037
3 0.696528 0.637037 0.191667 0.057407
3 0.402778 0.632870 0.176389 0.058333
1 0.172569 0.739352 0.174306 0.252778
6 0.354861 0.110185 0.061111 0.218519
5 0.487500 0.204630 0.056944 0.348148
5 0.450694 0.237037 0.019444 0.279630
5 0.620833 0.210648 0.058333 0.349074
5 0.581250 0.229630 0.026389 0.294444
