8 0.290104 0.326389 0.069792 0.552778
8 0.710938 0.319907 0.080208 0.536111
2 0.672917 0.556019 0.038542 0.187963
2 0.641406 0.540278 0.027604 0.123148
2 0.329948 0.563426 0.025521 0.184259
2 0.361458 0.552315 0.027083 0.110185
4 0.503125 0.640741 0.071875 0.381481
1 0.744531 0.705556 0.096354 0.220370
1 0.270573 0.712500 0.095312 0.213889
3 0.404948 0.631481 0.121354 0.048148
3 0.596615 0.628704 0.114062 0.046296
5 0.457031 0.264352 0.043229 0.297222
5 0.546615 0.261111 0.041146 0.300000
6 0.378125 0.167130 0.043750 0.234259
