8 0.295573 0.325926 0.071354 0.555556
8 0.713542 0.322222 0.077083 0.538889
4 0.509896 0.638426 0.075000 0.382407
5 0.462500 0.268981 0.038542 0.299074
5 0.550000 0.267130 0.037500 0.293519
5 0.527083 0.222222 0.007292 0.109259
6 0.385677 0.172222 0.046354 0.251852
2 0.334635 0.567593 0.025521 0.188889
2 0.362760 0.554167 0.023438 0.113889
2 0.643490 0.543519 0.029687 0.120370
2 0.676562 0.557870 0.029167 0.176852
1 0.743750 0.707870 0.093750 0.215741
1 0.275781 0.713889 0.097396 0.211111
3 0.410156 0.636574 0.122396 0.050926
3 0.604688 0.630093 0.115625 0.043519
