4 0.528125 0.673148 0.085417 0.331481
8 0.260764 0.381019 0.102083 0.541667
8 0.763889 0.359722 0.101389 0.539815
2 0.326042 0.623148 0.036806 0.157407
2 0.358333 0.604167 0.020833 0.104630
2 0.686806 0.577778 0.030556 0.111111
2 0.727431 0.592593 0.035417 0.159259
1 0.806597 0.727315 0.114583 0.184259
1 0.251389 0.759722 0.112500 0.210185
3 0.418056 0.678241 0.137500 0.058333
3 0.640278 0.655556 0.138889 0.053704
5 0.569792 0.338889 0.052083 0.262963
5 0.540625 0.314352 0.007639 0.134259
5 0.463889 0.339352 0.051389 0.278704
6 0.368056 0.241667 0.055556 0.240741
