4 0.521875 0.669444 0.106250 0.394444
8 0.242014 0.328241 0.102083 0.612037
0 0.792361 0.340278 0.101389 0.591667
2 0.296181 0.596759 0.036806 0.175000
2 0.330903 0.573148 0.027083 0.109259
2 0.694444 0.574537 0.037500 0.113889
2 0.745139 0.596296 0.034722 0.170370
1 0.830556 0.748611 0.118056 0.204630
1 0.213889 0.746296 0.127778 0.212963
3 0.393056 0.665278 0.150000 0.047222
3 0.650000 0.662963 0.151389 0.053704
5 0.463542 0.302315 0.050694 0.287963
5 0.581944 0.300926 0.052778 0.290741
5 0.550347 0.322222 0.011806 0.248148
6 0.360417 0.185648 0.054167 0.293519
