8 0.382812 0.299537 0.075000 0.502778
8 0.798698 0.304167 0.065104 0.508333
4 0.589063 0.575000 0.070833 0.353704
2 0.720313 0.475463 0.030208 0.134259
2 0.761198 0.538889 0.026562 0.185185
1 0.805729 0.674537 0.053125 0.200926
2 0.432292 0.533796 0.028125 0.184259
2 0.451302 0.466667 0.018229 0.112963
1 0.371615 0.656019 0.093229 0.200926
3 0.501563 0.602315 0.108333 0.063889
3 0.685937 0.603704 0.120833 0.068519
7 0.500781 0.562500 0.106771 0.032407
7 0.684375 0.567130 0.119792 0.032407
5 0.551823 0.224537 0.038021 0.299074
5 0.646615 0.227315 0.036979 0.310185
5 0.622396 0.230556 0.012500 0.270370
6 0.471094 0.141667 0.034896 0.188889
