8 0.267708 0.372685 0.076042 0.660185
8 0.721615 0.364352 0.083854 0.647222
4 0.493490 0.722222 0.082812 0.374074
2 0.680208 0.679167 0.032292 0.195370
2 0.635156 0.600463 0.026562 0.134259
2 0.315104 0.692130 0.031250 0.208333
2 0.341146 0.602315 0.022917 0.119444
1 0.261458 0.825000 0.064583 0.168519
1 0.739844 0.802315 0.081771 0.199074
3 0.599740 0.747222 0.128646 0.062963
3 0.392188 0.755093 0.121875 0.049074
7 0.391406 0.713889 0.123438 0.037037
7 0.600260 0.703704 0.128646 0.025926
5 0.449740 0.342130 0.045312 0.345370
5 0.551302 0.343056 0.044271 0.350926
5 0.524740 0.342593 0.011979 0.287037
6 0.358333 0.194444 0.045833 0.309259
