8 0.262847 0.385648 0.095139 0.541667
8 0.763194 0.363426 0.106944 0.530556
4 0.531250 0.675000 0.093056 0.338889
2 0.727431 0.595833 0.035417 0.156481
2 0.686806 0.569444 0.031944 0.100000
2 0.330208 0.620370 0.036806 0.157407
2 0.359375 0.600463 0.020139 0.102778
1 0.254514 0.762037 0.113194 0.201852
3 0.418403 0.674537 0.135417 0.036111
3 0.642708 0.657870 0.131250 0.041667
1 0.806250 0.722685 0.111111 0.176852
6 0.365972 0.236574 0.048611 0.243519
5 0.462847 0.344444 0.056250 0.277778
5 0.572917 0.340278 0.054167 0.269444
5 0.540625 0.318056 0.007639 0.136111
