8 0.245312 0.350000 0.036458 0.618519
8 0.678385 0.358796 0.074479 0.625000
4 0.454948 0.703241 0.083854 0.387963
2 0.593750 0.575463 0.029167 0.125000
2 0.628125 0.656944 0.028125 0.191667
1 0.690104 0.789352 0.084375 0.221296
2 0.269271 0.655093 0.029167 0.195370
2 0.300000 0.575926 0.027083 0.116667
3 0.349219 0.725463 0.131771 0.060185
3 0.555729 0.719444 0.118750 0.048148
7 0.556250 0.679630 0.119792 0.029630
7 0.349479 0.684722 0.131250 0.036111
6 0.319010 0.181481 0.044271 0.281481
5 0.408594 0.315741 0.048438 0.351852
5 0.502865 0.320833 0.038021 0.347222
5 0.481250 0.315278 0.004167 0.243519
