8 0.090625 0.386574 0.128472 0.771296
0 0.885417 0.416204 0.166667 0.823148
2 0.767014 0.810185 0.072917 0.312963
1 0.918750 0.953241 0.156944 0.093519
1 0.026389 0.924537 0.051389 0.150926
2 0.096875 0.768056 0.057639 0.252778
2 0.239583 0.673611 0.023611 0.106481
4 0.449306 0.793981 0.122222 0.412037
3 0.617708 0.904630 0.214583 0.087037
7 0.620833 0.847222 0.216667 0.048148
3 0.259722 0.872222 0.245833 0.048148
7 0.268056 0.822222 0.230556 0.046296
6 0.235764 0.176852 0.072917 0.337037
5 0.356597 0.324074 0.063194 0.435185
5 0.412847 0.360185 0.045139 0.387037
5 0.516319 0.312500 0.067361 0.465741
5 0.562153 0.355556 0.022917 0.374074
