8 0.245573 0.357407 0.032813 0.633333
8 0.685156 0.362500 0.076563 0.623148
2 0.598437 0.581481 0.027083 0.133333
2 0.634115 0.655556 0.033854 0.183333
1 0.700781 0.800000 0.091146 0.200000
2 0.270313 0.656944 0.033333 0.195370
2 0.301042 0.583333 0.026042 0.129630
4 0.457813 0.704630 0.077083 0.381481
3 0.557292 0.724074 0.119792 0.048148
3 0.352865 0.730556 0.134896 0.064815
7 0.353385 0.686574 0.132812 0.036111
7 0.558594 0.685185 0.119271 0.029630
6 0.321354 0.185648 0.042708 0.289815
5 0.410677 0.317130 0.042188 0.343519
5 0.509375 0.319907 0.042708 0.349074
5 0.484896 0.331944 0.006250 0.276852
