8 0.272396 0.373148 0.082292 0.661111
8 0.741146 0.365278 0.089583 0.643519
4 0.511458 0.727778 0.070833 0.370370
2 0.328385 0.686574 0.032813 0.210185
2 0.354687 0.603241 0.025000 0.121296
2 0.649479 0.600463 0.029167 0.139815
2 0.699219 0.676389 0.029687 0.189815
1 0.754948 0.805093 0.077604 0.208333
1 0.268490 0.810185 0.081771 0.205556
3 0.410938 0.752315 0.131250 0.056481
3 0.616927 0.747222 0.139063 0.055556
7 0.411198 0.712500 0.130729 0.043519
7 0.615885 0.706019 0.139063 0.028704
6 0.375260 0.198148 0.043229 0.311111
5 0.469531 0.337500 0.049479 0.362037
5 0.569531 0.333333 0.044271 0.338889
5 0.540885 0.354167 0.011979 0.304630
