8 0.317188 0.341667 0.073958 0.601852
8 0.753125 0.360185 0.081250 0.631481
4 0.527344 0.691667 0.070312 0.385185
2 0.359635 0.636574 0.024479 0.182407
2 0.389062 0.571296 0.020833 0.111111
2 0.669271 0.581944 0.025000 0.132407
2 0.702865 0.649537 0.028646 0.189815
1 0.756510 0.792130 0.075521 0.232407
1 0.299740 0.756481 0.094271 0.233333
3 0.432292 0.701852 0.119792 0.051852
3 0.622656 0.705093 0.133854 0.062037
7 0.432812 0.661574 0.121875 0.034259
7 0.624740 0.669907 0.124479 0.032407
5 0.490365 0.321296 0.035937 0.314815
5 0.579948 0.323148 0.035937 0.324074
6 0.408333 0.187963 0.032292 0.290741
