4 0.595139 0.697685 0.098611 0.373148
8 0.305208 0.378704 0.103472 0.583333
8 0.845833 0.350463 0.104167 0.573148
2 0.757639 0.591667 0.041667 0.114815
2 0.815625 0.613889 0.038194 0.174074
2 0.381597 0.639815 0.042361 0.172222
1 0.298264 0.782870 0.125694 0.228704
1 0.898958 0.747685 0.125694 0.212037
3 0.473958 0.695833 0.142361 0.060185
3 0.719792 0.679630 0.150694 0.062963
5 0.529861 0.342130 0.052778 0.291667
5 0.644097 0.334259 0.059028 0.283333
5 0.606944 0.350000 0.016667 0.237037
6 0.421181 0.227315 0.059028 0.269444
