8 0.153472 0.305093 0.108333 0.608333
0 0.753819 0.295370 0.124306 0.585185
2 0.670833 0.549074 0.047222 0.209259
2 0.172917 0.543981 0.041667 0.182407
1 0.782986 0.717593 0.160417 0.238889
1 0.087153 0.719444 0.117361 0.220370
4 0.435417 0.640278 0.095833 0.417593
3 0.566319 0.626389 0.159028 0.065741
3 0.291667 0.623611 0.186111 0.050926
5 0.366319 0.225926 0.053472 0.305556
5 0.403819 0.258796 0.024306 0.263889
5 0.490972 0.217593 0.050000 0.333333
5 0.523958 0.254630 0.015972 0.255556
6 0.271181 0.126852 0.047917 0.248148
