8 0.339323 0.447222 0.056771 0.511111
8 0.690625 0.448611 0.069792 0.499074
4 0.521615 0.736111 0.068229 0.322222
2 0.633333 0.644444 0.020833 0.107407
2 0.658594 0.673148 0.021354 0.142593
1 0.715625 0.788426 0.088542 0.169444
2 0.379688 0.678704 0.022917 0.151852
2 0.401823 0.643056 0.017188 0.086111
1 0.328125 0.800463 0.076042 0.195370
3 0.438021 0.736574 0.100000 0.039815
3 0.600000 0.731481 0.092708 0.033333
5 0.481250 0.429630 0.038542 0.257407
5 0.553906 0.420370 0.040104 0.257407
6 0.417187 0.322222 0.031250 0.237037
