8 0.318750 0.344907 0.079167 0.604630
8 0.755729 0.358333 0.077083 0.631481
4 0.535156 0.693519 0.073438 0.375926
2 0.675781 0.587963 0.028646 0.140741
2 0.709375 0.656481 0.031250 0.190741
1 0.760417 0.793519 0.066667 0.229630
2 0.363021 0.636574 0.026042 0.180556
2 0.389323 0.571296 0.023438 0.112963
3 0.438021 0.699537 0.122917 0.045370
3 0.632552 0.707407 0.121354 0.061111
1 0.303125 0.763889 0.095833 0.227778
7 0.437500 0.662500 0.121875 0.036111
7 0.632812 0.670833 0.117708 0.023148
5 0.494792 0.322685 0.039583 0.326852
5 0.586979 0.322222 0.036458 0.325926
5 0.564063 0.337500 0.007292 0.284259
6 0.415625 0.187500 0.038542 0.286111
