8 0.226042 0.312963 0.097917 0.583333
8 0.776042 0.293519 0.114583 0.570370
2 0.733681 0.543519 0.039583 0.170370
2 0.689583 0.531019 0.034722 0.113889
2 0.294444 0.568519 0.040278 0.172222
2 0.327083 0.554630 0.031944 0.114815
4 0.512847 0.629167 0.085417 0.358333
3 0.635069 0.612037 0.154861 0.050000
3 0.392014 0.635648 0.154861 0.050926
1 0.214236 0.718981 0.124306 0.225000
1 0.820486 0.682870 0.132639 0.204630
5 0.448264 0.277778 0.056250 0.292593
5 0.562153 0.267593 0.049306 0.283333
5 0.529167 0.262963 0.018056 0.179630
6 0.342361 0.163426 0.048611 0.245370
