4 0.590278 0.692130 0.101389 0.367593
8 0.304167 0.376852 0.102778 0.574074
8 0.839931 0.355556 0.114583 0.575926
2 0.378125 0.641667 0.038194 0.175926
2 0.756250 0.591667 0.031944 0.124074
2 0.812500 0.609722 0.041667 0.167593
1 0.895833 0.750926 0.123611 0.212963
1 0.295833 0.778704 0.125000 0.222222
3 0.470486 0.693519 0.140972 0.068519
3 0.717708 0.676852 0.147917 0.061111
5 0.527083 0.338889 0.062500 0.294444
5 0.639931 0.335185 0.057639 0.294444
5 0.604861 0.355093 0.012500 0.250926
6 0.420833 0.224537 0.055556 0.271296
