4 0.528472 0.673148 0.086111 0.331481
8 0.760069 0.359259 0.102083 0.540741
8 0.263194 0.387037 0.093056 0.529630
2 0.329514 0.624074 0.036806 0.162963
2 0.358333 0.602315 0.020833 0.110185
2 0.684375 0.576389 0.034028 0.099074
2 0.727083 0.594907 0.037500 0.152778
1 0.812500 0.723611 0.131944 0.184259
1 0.253819 0.760648 0.113194 0.208333
3 0.415972 0.679167 0.131944 0.050926
3 0.640278 0.661111 0.133333 0.053704
5 0.572222 0.341204 0.048611 0.260185
5 0.540278 0.326389 0.015278 0.163889
5 0.464236 0.341204 0.050694 0.271296
6 0.370139 0.246296 0.051389 0.259259
