8 0.226736 0.314815 0.102083 0.587037
8 0.769097 0.286111 0.107639 0.566667
6 0.345139 0.160648 0.056944 0.273148
5 0.447222 0.270833 0.056944 0.295370
5 0.564236 0.264815 0.056250 0.288889
5 0.531944 0.251389 0.011111 0.162037
4 0.516667 0.633333 0.097222 0.364815
2 0.294097 0.566204 0.042361 0.173148
2 0.327778 0.555556 0.026389 0.122222
2 0.688542 0.534722 0.036806 0.113889
2 0.735069 0.543981 0.038194 0.178704
1 0.820139 0.680556 0.126389 0.214815
3 0.642361 0.616667 0.151389 0.055556
3 0.393403 0.633796 0.149306 0.054630
1 0.216319 0.719444 0.113194 0.218519
