8 0.341927 0.443056 0.061979 0.534259
8 0.692708 0.445370 0.066667 0.522222
4 0.521875 0.736111 0.064583 0.329630
2 0.633333 0.646759 0.022917 0.112037
2 0.658333 0.669907 0.023958 0.139815
1 0.719792 0.793056 0.087500 0.162037
2 0.381250 0.681019 0.022917 0.150926
2 0.401823 0.646759 0.017188 0.089815
1 0.328125 0.796759 0.083333 0.184259
3 0.440104 0.735185 0.095833 0.055556
3 0.598698 0.724074 0.089063 0.048148
5 0.481510 0.428704 0.038021 0.270370
5 0.557552 0.415741 0.033854 0.279630
5 0.538021 0.437500 0.005208 0.215741
6 0.416927 0.329630 0.027604 0.235185
