8 0.157986 0.293981 0.103472 0.582407
0 0.760417 0.298148 0.112500 0.590741
4 0.440625 0.638889 0.102083 0.414815
2 0.676389 0.545370 0.051389 0.207407
2 0.179861 0.549074 0.047222 0.185185
3 0.296528 0.627778 0.186111 0.050000
3 0.572917 0.630556 0.151389 0.051852
1 0.786111 0.729167 0.151389 0.254630
1 0.096875 0.712963 0.113194 0.246296
6 0.276042 0.124074 0.050694 0.246296
5 0.370486 0.233796 0.056250 0.325000
5 0.409722 0.255093 0.026389 0.273148
5 0.494444 0.214815 0.056944 0.337037
5 0.529514 0.261574 0.014583 0.265741
