8 0.219097 0.327778 0.121528 0.650000
0 0.891667 0.320833 0.127778 0.628704
2 0.880556 0.600000 0.051389 0.222222
2 0.764236 0.569444 0.046528 0.137037
2 0.310069 0.600926 0.047917 0.242593
4 0.581597 0.692593 0.106250 0.481481
1 0.185069 0.807870 0.177083 0.308333
1 0.957639 0.786574 0.084722 0.258333
3 0.746875 0.688426 0.211806 0.067593
3 0.433333 0.695833 0.191667 0.052778
6 0.373264 0.117593 0.053472 0.220370
5 0.520833 0.224537 0.063889 0.382407
5 0.478819 0.256481 0.025694 0.309259
5 0.665625 0.228704 0.063194 0.377778
5 0.614583 0.249074 0.037500 0.331481
