8 0.161458 0.291204 0.106250 0.580556
0 0.759028 0.296759 0.116667 0.591667
4 0.442708 0.636574 0.086806 0.417593
2 0.181597 0.546759 0.045139 0.195370
2 0.674653 0.549074 0.050694 0.200000
3 0.304167 0.626389 0.190278 0.052778
3 0.567708 0.627778 0.160417 0.053704
1 0.785764 0.726852 0.159028 0.246296
1 0.101736 0.704630 0.106250 0.237037
6 0.277083 0.135185 0.058333 0.264815
5 0.371875 0.228704 0.054861 0.340741
5 0.414931 0.258796 0.031250 0.265741
5 0.496528 0.220370 0.054167 0.340741
5 0.530556 0.261111 0.013889 0.264815
