8 0.176736 0.332870 0.142361 0.663889
0 0.913194 0.322685 0.137500 0.639815
2 0.897917 0.602778 0.061111 0.235185
2 0.774653 0.574074 0.046528 0.146296
2 0.279167 0.608796 0.063889 0.275000
4 0.574306 0.700463 0.102778 0.515741
1 0.963542 0.792130 0.072917 0.263889
1 0.138194 0.835185 0.202778 0.329630
3 0.417014 0.715741 0.213194 0.072222
3 0.745833 0.702315 0.234722 0.065741
6 0.350694 0.101389 0.056944 0.200926
5 0.510069 0.201852 0.067361 0.388889
5 0.464931 0.228241 0.022917 0.328704
5 0.610417 0.227315 0.045833 0.341667
5 0.668056 0.203704 0.068056 0.398148
