8 0.307552 0.349074 0.084896 0.611111
8 0.731250 0.349537 0.079167 0.610185
4 0.513542 0.691667 0.069792 0.364815
2 0.678906 0.645370 0.025521 0.187037
2 0.652865 0.582870 0.022396 0.134259
2 0.349740 0.632870 0.027604 0.180556
2 0.375781 0.580556 0.021354 0.125926
1 0.289583 0.760648 0.091667 0.208333
1 0.737760 0.776852 0.093229 0.237037
3 0.418490 0.700000 0.116146 0.055556
3 0.606771 0.706944 0.118750 0.063889
7 0.607812 0.670370 0.116667 0.024074
7 0.417187 0.660185 0.122917 0.024074
5 0.472917 0.325000 0.039583 0.305556
5 0.559635 0.331481 0.038021 0.324074
6 0.394010 0.195833 0.042188 0.275000
