8 0.220139 0.330556 0.102778 0.572222
8 0.762500 0.297222 0.104167 0.575926
4 0.512847 0.643519 0.102083 0.359259
2 0.729167 0.554167 0.041667 0.167593
2 0.685417 0.541204 0.040278 0.112037
2 0.288194 0.577778 0.038889 0.170370
2 0.323611 0.560648 0.029167 0.113889
3 0.386458 0.641667 0.153472 0.040741
3 0.635417 0.621759 0.143056 0.050926
1 0.817361 0.692130 0.136111 0.199074
1 0.205556 0.730556 0.130556 0.220370
5 0.443403 0.284722 0.056250 0.287963
5 0.557639 0.275926 0.052778 0.287037
5 0.527083 0.248611 0.009722 0.139815
6 0.337153 0.173611 0.046528 0.269444
