8 0.381250 0.300000 0.078125 0.498148
8 0.798438 0.306944 0.065625 0.517593
4 0.591146 0.580093 0.065625 0.354630
2 0.432812 0.536574 0.033333 0.180556
2 0.453125 0.444444 0.020833 0.077778
2 0.720573 0.473611 0.027604 0.126852
2 0.763021 0.536111 0.028125 0.183333
1 0.805469 0.670833 0.051562 0.202778
1 0.371354 0.656481 0.093750 0.201852
3 0.505729 0.601389 0.109375 0.062037
3 0.686198 0.598611 0.124479 0.049074
7 0.502344 0.562500 0.109896 0.032407
7 0.683594 0.567130 0.123438 0.025000
5 0.555990 0.224537 0.036979 0.306481
5 0.647135 0.230093 0.033854 0.310185
5 0.623958 0.237037 0.013542 0.281481
6 0.475781 0.145833 0.033854 0.199074
