4 0.549219 0.703704 0.073438 0.374074
8 0.329427 0.338426 0.082812 0.593519
8 0.767708 0.355556 0.053125 0.620370
2 0.378125 0.647222 0.027083 0.196296
2 0.406250 0.568981 0.022917 0.106481
1 0.315365 0.763889 0.098437 0.250000
3 0.451562 0.713889 0.118750 0.062963
3 0.647917 0.718519 0.123958 0.066667
2 0.729167 0.656481 0.033333 0.200000
2 0.694010 0.591667 0.031771 0.131481
1 0.770312 0.787963 0.051042 0.240741
5 0.606771 0.324537 0.042708 0.332407
5 0.581250 0.349537 0.011458 0.275000
5 0.510677 0.319907 0.039062 0.326852
6 0.424740 0.186574 0.042188 0.287963
