8 0.303472 0.370833 0.100000 0.595370
8 0.840278 0.352315 0.111111 0.575000
4 0.594097 0.693981 0.099306 0.362037
2 0.755903 0.594907 0.035417 0.123148
2 0.817361 0.615278 0.043056 0.175000
1 0.902778 0.745370 0.123611 0.207407
2 0.381250 0.643981 0.044444 0.180556
1 0.300000 0.782407 0.116667 0.229630
3 0.475694 0.695370 0.136111 0.062963
3 0.721528 0.680093 0.148611 0.065741
6 0.420139 0.228704 0.054167 0.270370
5 0.530556 0.342130 0.059722 0.300926
5 0.646528 0.335185 0.062500 0.288889
5 0.607639 0.356944 0.016667 0.245370
