8 0.225694 0.316667 0.101389 0.588889
8 0.767708 0.293056 0.104861 0.556481
4 0.515278 0.631019 0.087500 0.352778
2 0.734375 0.549074 0.038194 0.170370
2 0.687500 0.531944 0.037500 0.119444
2 0.291667 0.572685 0.038889 0.173148
2 0.325347 0.553704 0.028472 0.103704
3 0.388542 0.639352 0.156250 0.052778
3 0.638542 0.622222 0.154861 0.051852
1 0.821528 0.688426 0.133333 0.217593
1 0.213194 0.726389 0.120833 0.230556
5 0.446875 0.278704 0.056250 0.288889
5 0.562153 0.271296 0.052083 0.290741
5 0.530208 0.244444 0.013194 0.135185
6 0.340972 0.161111 0.063889 0.266667
