8 0.092708 0.398148 0.121528 0.790741
0 0.884722 0.424074 0.161111 0.840741
2 0.770833 0.810185 0.076389 0.322222
2 0.099306 0.771759 0.058333 0.256481
2 0.241667 0.687500 0.027778 0.130556
4 0.454167 0.797222 0.123611 0.405556
1 0.908681 0.948611 0.182639 0.102778
1 0.032292 0.925463 0.063194 0.149074
3 0.260764 0.864352 0.261806 0.056481
3 0.623611 0.900463 0.219444 0.086111
7 0.273611 0.822685 0.231944 0.049074
7 0.626042 0.849074 0.215972 0.044444
5 0.356944 0.328704 0.069444 0.429630
5 0.413889 0.370370 0.041667 0.362963
5 0.520833 0.318056 0.068056 0.456481
5 0.563889 0.359259 0.019444 0.375926
6 0.241319 0.175926 0.071528 0.350000
