8 0.100694 0.392130 0.129167 0.776852
0 0.887847 0.417593 0.168750 0.833333
2 0.771875 0.807870 0.070139 0.319444
2 0.100694 0.772222 0.065278 0.253704
2 0.243403 0.681481 0.028472 0.124074
4 0.453819 0.793056 0.121528 0.413889
3 0.623958 0.906019 0.213194 0.095370
1 0.906944 0.950000 0.186111 0.100000
1 0.034722 0.912500 0.063889 0.162037
3 0.266319 0.874074 0.260417 0.062963
7 0.272917 0.821296 0.237500 0.050000
7 0.626042 0.842593 0.215972 0.040741
6 0.243750 0.192130 0.065278 0.354630
5 0.358333 0.331481 0.070833 0.444444
5 0.414236 0.365741 0.036806 0.385185
5 0.520139 0.318056 0.070833 0.452778
5 0.567361 0.358333 0.023611 0.387037
