8 0.340104 0.456944 0.058333 0.515741
8 0.691146 0.444444 0.071875 0.507407
2 0.655469 0.671296 0.030729 0.150000
2 0.630469 0.643981 0.021354 0.113889
2 0.380729 0.681481 0.022917 0.151852
2 0.402083 0.644907 0.018750 0.084259
4 0.520833 0.737500 0.061458 0.326852
1 0.713802 0.793981 0.083854 0.173148
1 0.325260 0.807870 0.079687 0.178704
3 0.441406 0.733796 0.098437 0.047222
3 0.594271 0.733796 0.087500 0.045370
5 0.479948 0.427315 0.033854 0.260185
5 0.554427 0.422685 0.032813 0.262037
6 0.412240 0.329630 0.034896 0.233333
