8 0.308854 0.341667 0.078125 0.601852
8 0.725521 0.354630 0.085417 0.616667
4 0.513281 0.686111 0.079687 0.357407
2 0.347656 0.632407 0.030729 0.174074
2 0.376563 0.572222 0.021875 0.116667
2 0.646615 0.578241 0.023438 0.121296
2 0.673698 0.639352 0.026562 0.178704
1 0.733333 0.783333 0.089583 0.224074
1 0.290625 0.754167 0.085417 0.219444
3 0.419010 0.690741 0.109896 0.040741
3 0.607552 0.704167 0.107813 0.054630
7 0.608594 0.664815 0.106771 0.022222
7 0.418750 0.656481 0.110417 0.027778
5 0.473958 0.333796 0.039583 0.304630
5 0.556250 0.337037 0.045833 0.312963
6 0.397396 0.208796 0.040625 0.291667
