8 0.298611 0.377315 0.102778 0.587963
8 0.837500 0.350000 0.112500 0.570370
6 0.411806 0.226389 0.051389 0.262037
5 0.522222 0.337037 0.059722 0.290741
5 0.635764 0.324074 0.057639 0.296296
5 0.599306 0.332870 0.018056 0.230556
4 0.586111 0.692593 0.090278 0.375926
2 0.752778 0.587500 0.040278 0.123148
2 0.806597 0.609259 0.042361 0.168519
1 0.890972 0.744907 0.123611 0.212037
2 0.373264 0.636111 0.039583 0.168519
1 0.289931 0.785648 0.134028 0.223148
3 0.468056 0.700000 0.147222 0.055556
3 0.709028 0.680556 0.151389 0.064815
