8 0.308333 0.341667 0.088542 0.594444
8 0.741406 0.357407 0.086979 0.622222
2 0.350781 0.635185 0.028646 0.190741
2 0.379688 0.571296 0.027083 0.127778
2 0.660156 0.583333 0.027604 0.129630
2 0.689323 0.648148 0.028646 0.181481
1 0.748958 0.785648 0.087500 0.230556
1 0.289323 0.756019 0.096354 0.232407
3 0.425000 0.701389 0.117708 0.054630
4 0.521875 0.692593 0.076042 0.374074
3 0.615625 0.701389 0.111458 0.058333
7 0.422135 0.659259 0.116146 0.040741
7 0.617188 0.670833 0.113542 0.030556
5 0.479687 0.325463 0.034375 0.315741
5 0.567187 0.328704 0.037500 0.322222
6 0.401823 0.193981 0.035937 0.284259
