8 0.327344 0.349537 0.081771 0.610185
8 0.765365 0.357870 0.055729 0.621296
2 0.721354 0.657870 0.028125 0.187963
2 0.686719 0.593056 0.023438 0.147222
2 0.372135 0.642593 0.031771 0.185185
2 0.401562 0.578704 0.022917 0.122222
4 0.543750 0.695370 0.065625 0.370370
1 0.765365 0.790278 0.057813 0.236111
1 0.308854 0.766667 0.094792 0.229630
3 0.450260 0.708796 0.120313 0.069444
3 0.641927 0.717130 0.130729 0.075000
7 0.451042 0.669907 0.121875 0.028704
5 0.596875 0.325926 0.031250 0.329630
5 0.575781 0.333333 0.013021 0.292593
5 0.503906 0.312963 0.036979 0.337037
6 0.422656 0.189352 0.038021 0.273148
7 0.641927 0.671759 0.131771 0.023148
