8 0.139583 0.295833 0.113889 0.584259
0 0.750000 0.297685 0.120833 0.593519
2 0.161458 0.550926 0.047917 0.203704
2 0.662153 0.545833 0.038194 0.206481
2 0.255903 0.527778 0.025694 0.107407
4 0.428819 0.625463 0.089583 0.413889
1 0.770486 0.725463 0.153472 0.234259
1 0.079861 0.718519 0.111111 0.235185
3 0.286806 0.631944 0.193056 0.050926
3 0.559028 0.632870 0.161111 0.049074
5 0.358681 0.223148 0.050694 0.312963
5 0.396528 0.253241 0.029167 0.262037
5 0.482639 0.213889 0.054167 0.338889
5 0.521181 0.252778 0.018750 0.262963
6 0.259722 0.130556 0.047222 0.253704
