8 0.385937 0.300926 0.077083 0.498148
8 0.802344 0.312500 0.058854 0.513889
4 0.592187 0.586574 0.071875 0.339815
2 0.436198 0.553704 0.029687 0.157407
2 0.455729 0.456481 0.027083 0.085185
2 0.722135 0.473148 0.030729 0.133333
2 0.766406 0.543056 0.026562 0.176852
1 0.805208 0.684259 0.052083 0.218519
1 0.376302 0.651389 0.085938 0.202778
3 0.504687 0.605556 0.106250 0.053704
3 0.688802 0.606944 0.124479 0.054630
7 0.504948 0.568056 0.105729 0.036111
7 0.690104 0.568519 0.125000 0.025926
6 0.476562 0.147685 0.041667 0.199074
5 0.552083 0.244907 0.043750 0.304630
5 0.648438 0.237037 0.035417 0.300000
5 0.623698 0.242593 0.013021 0.270370
