4 0.531597 0.676389 0.086806 0.337963
8 0.260417 0.377778 0.100000 0.557407
8 0.762500 0.358333 0.101389 0.537037
2 0.728819 0.593981 0.038194 0.154630
2 0.686458 0.576389 0.032639 0.108333
2 0.327778 0.621296 0.036111 0.168519
2 0.357292 0.600463 0.021528 0.113889
3 0.418403 0.675926 0.147917 0.040741
3 0.643750 0.658796 0.133333 0.039815
1 0.811458 0.726389 0.121528 0.186111
1 0.253819 0.759259 0.110417 0.198148
5 0.465972 0.340278 0.055556 0.278704
5 0.572917 0.337037 0.052778 0.270370
5 0.540972 0.326852 0.011111 0.166667
6 0.371875 0.247685 0.054861 0.276852
