8 0.276562 0.367130 0.086458 0.658333
8 0.744010 0.364352 0.085938 0.639815
4 0.515104 0.723611 0.081250 0.371296
2 0.332552 0.693519 0.030729 0.207407
2 0.358073 0.605556 0.024479 0.124074
2 0.654427 0.605556 0.032813 0.142593
2 0.703385 0.680093 0.031771 0.197222
1 0.756771 0.801852 0.075000 0.212963
1 0.271354 0.824537 0.084375 0.162037
3 0.623177 0.748611 0.131771 0.056481
3 0.411979 0.759722 0.128125 0.078704
7 0.414062 0.715741 0.126042 0.042593
7 0.622917 0.706944 0.133333 0.032407
5 0.472656 0.327315 0.038021 0.341667
5 0.572656 0.343519 0.038021 0.340741
5 0.547656 0.353704 0.015104 0.305556
6 0.379167 0.199074 0.039583 0.311111
