8 0.347396 0.442593 0.056250 0.505556
8 0.696615 0.443056 0.061979 0.497222
4 0.524740 0.723611 0.061979 0.317593
2 0.387240 0.670833 0.023438 0.145370
2 0.407292 0.645370 0.016667 0.096296
2 0.640104 0.638426 0.023958 0.108333
2 0.666667 0.662037 0.021875 0.150000
1 0.727865 0.789815 0.084896 0.166667
3 0.606510 0.723148 0.099479 0.035185
3 0.446354 0.727778 0.093750 0.033333
1 0.335677 0.790278 0.079687 0.178704
5 0.485938 0.420370 0.031250 0.253704
5 0.563281 0.416204 0.034896 0.250926
5 0.542188 0.437500 0.008333 0.215741
6 0.421094 0.312037 0.029687 0.231481
