4 0.539844 0.691204 0.077604 0.378704
8 0.324219 0.339815 0.074479 0.590741
8 0.756771 0.352315 0.061458 0.619444
2 0.366927 0.631944 0.031771 0.184259
2 0.395573 0.575000 0.022396 0.137037
2 0.682292 0.591204 0.022917 0.152778
2 0.714583 0.650926 0.031250 0.187037
1 0.762500 0.784722 0.065625 0.245370
1 0.305990 0.764352 0.090104 0.258333
5 0.500781 0.318981 0.041146 0.326852
5 0.590625 0.325926 0.033333 0.322222
5 0.570573 0.335185 0.006771 0.288889
6 0.417708 0.182407 0.039583 0.275926
3 0.442448 0.701389 0.121354 0.041667
3 0.637240 0.714815 0.121354 0.064815
7 0.637500 0.677778 0.121875 0.035185
7 0.443490 0.668519 0.120313 0.024074
