8 0.238194 0.327315 0.098611 0.604630
0 0.793056 0.338889 0.104167 0.594444
2 0.745486 0.590741 0.040972 0.179630
2 0.698611 0.571296 0.034722 0.116667
2 0.297917 0.591204 0.036111 0.180556
2 0.334028 0.571759 0.033333 0.125000
4 0.525694 0.667130 0.094444 0.380556
1 0.830556 0.741204 0.123611 0.202778
1 0.215625 0.737963 0.134028 0.209259
3 0.395486 0.661574 0.160417 0.050926
3 0.648264 0.660648 0.153472 0.050926
5 0.467708 0.297685 0.067361 0.293519
5 0.583333 0.294907 0.048611 0.295370
5 0.552778 0.309722 0.012500 0.223148
6 0.361458 0.181481 0.046528 0.264815
