8 0.306250 0.344444 0.077083 0.600000
8 0.737760 0.357870 0.079687 0.610185
4 0.515365 0.686574 0.076563 0.358333
2 0.655729 0.582870 0.022917 0.123148
2 0.684375 0.645370 0.028125 0.181481
2 0.347396 0.628704 0.027083 0.166667
2 0.377604 0.566667 0.019792 0.107407
1 0.289323 0.755093 0.088021 0.226852
3 0.418229 0.697222 0.117708 0.059259
3 0.612240 0.705556 0.116146 0.062963
1 0.744792 0.783333 0.089583 0.233333
5 0.477083 0.322685 0.038542 0.326852
5 0.563542 0.329167 0.041667 0.315741
6 0.398177 0.202778 0.043229 0.287037
7 0.420052 0.660185 0.117188 0.033333
7 0.610938 0.665741 0.116667 0.027778
