8 0.305208 0.349537 0.079167 0.612037
8 0.728646 0.355556 0.079167 0.616667
4 0.513281 0.696296 0.074479 0.366667
2 0.649479 0.582407 0.023958 0.120370
2 0.677083 0.645833 0.026042 0.176852
1 0.737240 0.782407 0.091146 0.222222
2 0.347396 0.634259 0.026042 0.168519
2 0.376823 0.571759 0.021354 0.108333
1 0.289844 0.762037 0.089063 0.205556
3 0.418490 0.694907 0.115104 0.036111
3 0.606510 0.700926 0.114062 0.048148
7 0.607031 0.665278 0.116146 0.026852
7 0.418750 0.657407 0.116667 0.027778
5 0.473177 0.330556 0.038021 0.311111
5 0.559115 0.330556 0.038021 0.322222
6 0.394792 0.203241 0.037500 0.276852
