8 0.139583 0.301852 0.100000 0.598148
0 0.751736 0.299074 0.117361 0.585185
2 0.668056 0.545370 0.051389 0.207407
2 0.165278 0.548611 0.051389 0.189815
4 0.431597 0.643056 0.100694 0.421296
1 0.773958 0.720833 0.156250 0.241667
1 0.075694 0.718519 0.108333 0.231481
3 0.285417 0.626389 0.183333 0.052778
3 0.563194 0.629167 0.155556 0.052778
5 0.356250 0.227315 0.054167 0.313889
5 0.397222 0.248148 0.027778 0.262963
5 0.488194 0.209722 0.052778 0.334259
5 0.520486 0.256019 0.009028 0.250926
6 0.263889 0.129630 0.051389 0.257407
